[gd_scene load_steps=9 format=3 uid="uid://b8msl4kqjlhan"]

[ext_resource type="Script" uid="uid://43uec7mcm20v" path="res://scripts/main.gd" id="1_0wfyh"]
[ext_resource type="PackedScene" uid="uid://b22tilr55l82o" path="res://scenes/tower.tscn" id="2_0xm2m"]
[ext_resource type="PackedScene" uid="uid://bksm503hl2ahi" path="res://scenes/enemy.tscn" id="3_sugp2"]

[sub_resource type="PlaneMesh" id="PlaneMesh_7dm0k"]

[sub_resource type="ProceduralSkyMaterial" id="ProceduralSkyMaterial_7dm0k"]
sky_top_color = Color(0.517647, 0.788235, 1, 1)
sky_horizon_color = Color(0.796078, 0.937255, 1, 1)
ground_bottom_color = Color(0.619608, 0.509804, 0.392157, 1)
ground_horizon_color = Color(0.54902, 0.431373, 0.329412, 1)

[sub_resource type="Sky" id="Sky_ig7tw"]
sky_material = SubResource("ProceduralSkyMaterial_7dm0k")

[sub_resource type="Environment" id="Environment_7dm0k"]
background_mode = 2
sky = SubResource("Sky_ig7tw")

[sub_resource type="Curve3D" id="Curve3D_0wfyh"]
_data = {
"points": PackedVector3Array(0, 0, 0, 0, 0, 0, 5, 0, 0, 0, 0, 0, 0, 0, 0, 3.59692, 0, 4.86735, 0, 0, 0, 0, 0, 0, -2.52515, 0, 3.74972, 0, 0, 0, 0, 0, 0, -4.27243, 0, -5.91308, 0, 0, 0, 0, 0, 0, 10.8044, 0, -2.41979),
"tilts": PackedFloat32Array(0, 0, 0, 0, 0)
}
point_count = 5

[node name="Main" type="Node3D" node_paths=PackedStringArray("spawn_point")]
script = ExtResource("1_0wfyh")
enemy_scene = ExtResource("3_sugp2")
spawn_point = NodePath("EnemyPath/PathFollower")

[node name="OverheadCamera" type="Camera3D" parent="."]
transform = Transform3D(1, 0, 0, 0, 0.707107, 0.707107, 0, -0.707107, 0.707107, 0, 10, 10)

[node name="DirectionalLight3D" type="DirectionalLight3D" parent="."]
transform = Transform3D(-4.37114e-08, -0.707107, 0.707107, 0, 0.707107, 0.707107, -1, 3.09086e-08, -3.09086e-08, 15.0105, 15, -0.0108695)

[node name="MeshInstance3D" type="MeshInstance3D" parent="."]
transform = Transform3D(10, 0, 0, 0, 10, 0, 0, 0, 10, 0, -2, 0)
visible = false
mesh = SubResource("PlaneMesh_7dm0k")

[node name="WorldEnvironment" type="WorldEnvironment" parent="."]
environment = SubResource("Environment_7dm0k")

[node name="EnemyPath" type="Path3D" parent="."]
curve = SubResource("Curve3D_0wfyh")

[node name="PathFollower" type="PathFollow3D" parent="EnemyPath"]
transform = Transform3D(-0.960873, 0, 0.276985, 0, 1, 0, -0.276985, 0, -0.960873, 5, 0, 0)
rotation_mode = 4

[node name="Tower" parent="." instance=ExtResource("2_0xm2m")]

[node name="Tower2" parent="." instance=ExtResource("2_0xm2m")]
transform = Transform3D(1, 0, 0, 0, 1, 0, 0, 0, 1, 0, 0, 6.89997)
